seed,L,Nz,eps,rho_B,u,D_ax,kL,qmax,b,n,lam_z,rho_g,cp_g,cp_s,D_col,h_w,T_wall,dH,dt,t_end,C_in,T_in,C_out_final,q_out_final,T_out_final,N_ads_final,C_z0,C_z1,C_z2,C_z3,C_z4,C_z5,C_z6,C_z7,C_z8,C_z9,C_z10,C_z11,C_z12,C_z13,C_z14,C_z15,C_z16,C_z17,C_z18,C_z19,C_z20,C_z21,C_z22,C_z23,C_z24,C_z25,C_z26,C_z27,C_z28,C_z29,C_z30,C_z31,C_z32,C_z33,C_z34,C_z35,C_z36,C_z37,C_z38,C_z39,C_z40,C_z41,C_z42,C_z43,C_z44,C_z45,C_z46,C_z47,C_z48,C_z49,C_z50,q_z0,q_z1,q_z2,q_z3,q_z4,q_z5,q_z6,q_z7,q_z8,q_z9,q_z10,q_z11,q_z12,q_z13,q_z14,q_z15,q_z16,q_z17,q_z18,q_z19,q_z20,q_z21,q_z22,q_z23,q_z24,q_z25,q_z26,q_z27,q_z28,q_z29,q_z30,q_z31,q_z32,q_z33,q_z34,q_z35,q_z36,q_z37,q_z38,q_z39,q_z40,q_z41,q_z42,q_z43,q_z44,q_z45,q_z46,q_z47,q_z48,q_z49,q_z50,T_z0,T_z1,T_z2,T_z3,T_z4,T_z5,T_z6,T_z7,T_z8,T_z9,T_z10,T_z11,T_z12,T_z13,T_z14,T_z15,T_z16,T_z17,T_z18,T_z19,T_z20,T_z21,T_z22,T_z23,T_z24,T_z25,T_z26,T_z27,T_z28,T_z29,T_z30,T_z31,T_z32,T_z33,T_z34,T_z35,T_z36,T_z37,T_z38,T_z39,T_z40,T_z41,T_z42,T_z43,T_z44,T_z45,T_z46,T_z47,T_z48,T_z49,T_z50,Qtot_t0,Qtot_t1,Qtot_t2,Qtot_t3,Qtot_t4,Qtot_t5,Qtot_t6,Qtot_t7,Qtot_t8,Qtot_t9,Qtot_t10,Qtot_t11,Qtot_t12,Qtot_t13,Qtot_t14,Qtot_t15,Qtot_t16,Qtot_t17,Qtot_t18,Qtot_t19,Qtot_t20,Qtot_t21,Qtot_t22,Qtot_t23,Qtot_t24,Qtot_t25,Qtot_t26,Qtot_t27,Qtot_t28,Qtot_t29,Qtot_t30,Qtot_t31,Qtot_t32,Qtot_t33,Qtot_t34,Qtot_t35,Qtot_t36,Qtot_t37,Qtot_t38,Qtot_t39,Qtot_t40,Qtot_t41,Qtot_t42,Qtot_t43,Qtot_t44,Qtot_t45,Qtot_t46,Qtot_t47,Qtot_t48,Qtot_t49,Qtot_t50
532127181,0.1587975770349443,51,0.2139582666123161,205.4352080597616,0.6223761819422537,3.5129915652079454e-07,0.0012756966747657,0.6037841219415148,0.224531927753913,0.4654337851431012,0.9531057559280162,0.4962441332924854,801.7808730659302,1098.8709129910887,0.3279736761615547,36.33384304483074,316.65955552974526,29037.70345194792,0.2456904859255537,245.6904859255537,1.1684787265834735,303.18014591373753,1.1196488990771336,0.0558452949624752,303.3384099231182,1.4719838339505589,1.1675159705690787,1.1665532612593754,1.1655907697843984,1.1646284962008246,1.1636664405677035,1.162704602946145,1.161742983399065,1.1607815819909706,1.1598203987877844,1.15885943385669,1.1578986872660135,1.15693815908511,1.155977849384281,1.1550177582346954,1.1540578857083263,1.1530982318778875,1.1521387968167949,1.1511795805991225,1.1502205832995562,1.149261804993378,1.1483032457564208,1.1473449056650464,1.1463867847961335,1.1454288832270447,1.1444712010356124,1.1435137383001193,1.1425564950992952,1.141599471512276,1.140642667618621,1.1396860834982878,1.138729719231608,1.1377735748993052,1.136817650582466,1.135861946362524,1.1349064623212874,1.133951198540894,1.132996155103809,1.1320413320928433,1.1310867295911324,1.1301323476821084,1.1291781864495474,1.1282242459775031,1.1272705263503495,1.1263170276527543,1.1253637499696776,1.124410693386369,1.1234578579883654,1.1225052438614886,1.1215528510918404,1.120600679795814,1.1196488990771336,0.0567048655752293,0.056688038917487,0.0566711948795246,0.0566543338743091,0.0566374562554869,0.0566205623274219,0.0566036523534876,0.0565867265629091,0.0565697851564041,0.0565528283108284,0.0565358561829993,0.056518868912841,0.0565018666259744,0.0564848494358498,0.0564678174455044,0.0564507707490177,0.0564337094327128,0.0564166335761601,0.0563995432530115,0.0563824385317016,0.0563653194760405,0.0563481861457143,0.056331038596713,0.0563138768817003,0.0562967010503301,0.0562795111495238,0.0562623072237134,0.0562450893150536,0.056227857463609,0.0562106117075242,0.0561933520831707,0.0561760786252808,0.0561587913670678,0.0561414903403334,0.0561241755755645,0.0561068471020212,0.0560895049478166,0.0560721491399893,0.056054779704567,0.056037396666629,0.0560200000503596,0.0560025898790967,0.0559851661753794,0.0559677289609884,0.0559502782569859,0.0559328140837503,0.0559153364610091,0.0558978454078686,0.0558803409428436,0.0558628230844337,0.0558452949624752,303.18320606667066,303.18920506744456,303.1950889325711,303.2008574962946,303.2065105909387,303.21204804690024,303.2174696926427,303.2227753546899,303.22796485761967,303.2330380240575,303.23799467467006,303.24283462815833,303.2475577012518,303.25216370870123,303.2566524632725,303.2610237757397,303.2652774548787,303.26941330746024,303.2734311382434,303.27733074996854,303.2811119433509,303.2847745170731,303.2883182677791,303.2917429900665,303.29504847648,303.29823451750406,303.3013009015563,303.3042474149802,303.30707384203765,303.3097799649022,303.3123655636518,303.31483041626126,303.3171742985953,303.3193969844009,303.3214982453004,303.3234778507834,303.32533556819976,303.32707116275213,303.32868439748825,303.3301750332933,303.3315428288824,303.33278754079294,303.33390892337684,303.33490672879265,303.335780706998,303.3365306057416,303.3371561705554,303.3376571447466,303.33803326938965,303.33828428331856,303.3384099231182,0.0,0.0337678763152126,0.0677065612224382,0.1014351009957758,0.1349547963944998,0.1682669401317585,0.201372816924045,0.2342737035411914,0.26697086885519,0.2994655738889802,0.3317590718649364,0.363852608253056,0.3957474208188508,0.4274447396709436,0.4589457873083721,0.4902517786675999,0.5213639211692394,0.5522834147644858,0.5830114519812667,0.6135492179701048,0.6438978905496997,0.6740586402522288,0.7040326303683685,0.7338210169920388,0.7634249490648701,0.7928455684203994,0.8220840098279911,0.8511414010364861,0.8800188628175901,0.9087175090089816,0.9372384465571654,0.9655827755600542,0.9937515893092936,1.0217459743323214,1.0495670104341728,1.0772157707390206,1.104693321731468,1.1320007232975793,1.159139028765662,1.1861092849467958,1.2129125321751129,1.2395498043478277,1.2660221289650218,1.292330527169183,1.318476013784501,1.3444595973559197,1.3702822801879466,1.3959450583832314,1.421448921880894,1.4467948544946276,1.4719838339505589
15928317,0.0983107561532568,51,0.2658040172339502,447.23889649266914,0.6570559216263936,1.1508258917921719e-07,0.0063392585351509,3.106138375118174,1.6328550731249916,8.496835636916622,0.3102154300374889,0.2166391362229382,875.2961361442581,939.0527026574476,0.2651390797511214,31.995504311812063,311.0113090365495,60082.79193710385,0.3803813138607549,380.381313860755,0.7035871035889951,306.74697376331324,0.4247027186404653,0.0905981106956483,305.5871777720457,14.946837404112763,0.6947434760053501,0.6838062163131832,0.6710413077827727,0.656951260541719,0.6421526429748875,0.6272515354150563,0.6127483080694863,0.5989914356694371,0.5861783875678825,0.5743852962318529,0.563605237150862,0.5537822450233275,0.5448362789651586,0.5366793153608203,0.5292246496770426,0.5223916573126157,0.516107785620548,0.5103089839945283,0.5049393254260999,0.499950261331835,0.4952997547716752,0.4909514197138289,0.4868737267620569,0.4830392987897867,0.4794243005570568,0.4760079169575531,0.4727719105600864,0.4697002479977309,0.4667787850749393,0.4639950014174241,0.4613377766614233,0.4587972013555755,0.456364416831342,0.4540314792489571,0.4517912438388177,0.4496372660415567,0.4475637168184831,0.4455653098739404,0.4436372389180881,0.4417751234167176,0.4399749615360939,0.4382330892056754,0.4365461443984012,0.4349110358739981,0.433324915751168,0.4317851553741915,0.4302893240222056,0.42883517007824,0.4274206043325145,0.4260436851523623,0.4247027186404653,2.0366835566019894,1.8889491890682888,1.727675207399487,1.561483390927857,1.398048302002587,1.2435443191499436,1.102199537374833,0.9761913545390604,0.865948071993741,0.7706799101214591,0.6889191817167967,0.6189383962757635,0.5590160745784316,0.5075768178738671,0.4632473461040517,0.4248643382326958,0.3914585076084848,0.362229395568747,0.3365185550778702,0.3137847077927397,0.293582222272127,0.2755431400895906,0.259362474461193,0.2447863252156479,0.2316023282955021,0.2196319994891512,0.2087245965640829,0.1987521906527546,0.1896056979328374,0.1811916735539906,0.1734297113188157,0.1662503258525838,0.1595932202456148,0.1534058627491111,0.1476423122131572,0.1422622445397394,0.1372301422602307,0.132514617048366,0.1280878410242038,0.1239250674625669,0.1200042252771454,0.1163055746298104,0.1128114133841175,0.1095058260142293,0.1063744680974754,0.1034043807396822,0.1005838302687633,0.0979021693320605,0.0953497161841192,0.092917649500924,0.0905981106956483,306.7049616985156,306.6237285877226,306.54585532276474,306.4719947161045,306.4026257582845,306.33801295843904,306.2782092175169,306.2230921150341,306.17241653516743,306.1258671805332,306.08310087758946,306.0437756135106,306.0075677493592,305.9741805394568,305.9433470363309,305.91482974236504,305.8884185890012,305.8639282086985,305.8411950451124,305.8200745846956,305.8004388389732,305.7821741212065,305.7651791165176,305.7493632233253,305.73464513561646,305.7209516340204,305.7082165553998,305.6963799138268,305.68538714936903,305.67518848457314,305.6657383716716,305.6569950162836,305.64891996571765,305.6414777519564,305.6346355810439,305.6283630619652,305.622631969234,305.6174160343415,305.6126907619952,305.6084332677137,305.6046221338796,305.6012372817933,305.5982598576386,305.59567213058085,305.59345740147575,305.5915999208825,305.5900848152604,305.58889802038,305.588026221111,305.58745679686325,305.5871777720457,0.0,0.3319212987068094,0.6652603460054126,0.9964380452295636,1.3255397926337638,1.6526436308477948,1.977821144330345,2.3011382212259592,2.622655704194442,2.942429948676604,3.260513303726694,3.576954527836973,3.891799149984697,4.205089784348646,4.516866405691578,4.827166591222232,5.136025733784107,5.44347723042632,5.749552649761243,6.05428188097739,6.357693266932639,6.659813723385316,6.960668846114697,7.260283007427092,7.55867944332986,7.855880332475898,8.151906867829805,8.446779321878665,8.740517106101771,9.03313882532118,9.324662327475908,9.615104749295115,9.904482558287448,10.192811591413884,10.48010709076804,10.76638373655075,11.05165567759308,11.335936559653744,11.6192395516923,11.90157737029776,12.182962302433491,12.463406226642496,12.742920632842624,13.021516640828288,13.299205017583668,13.575996193502457,13.8519002776,14.126927071795706,14.401086084336391,14.674386542424957,14.946837404112763
574302503,0.236079864258968,51,0.6147406233197547,225.40172490140705,0.7773134191569009,4.739624495601157e-07,0.010329640643241,1.373838827378122,5.186937138422241,0.294426260341559,0.2355055540458233,1.2451880090307423,871.8359059295641,885.7202709025916,0.3257402426659157,20.028543166097123,313.045612225384,38619.74307726752,0.0091752964949167,9.175296494916791,2.3688904566239963,306.5277927390236,1.3976439743260214,0.0771430000101532,307.976493624263,1.6914776122589943,2.349452943481945,2.330026814297425,2.3106146526829865,2.29121653352872,2.271832530876328,2.252462715519639,2.233107150875888,2.213765884601772,2.1944389502835366,2.1751263979031403,2.155827567565165,2.1365432686848567,2.117273535425965,2.098018569055332,2.078778498696209,2.0595534587590856,2.0403436589222568,2.0211491853851835,2.001970270137267,1.982807040868083,1.9636596642893225,1.944528361090556,1.9254132527986256,1.9063145543695617,1.8872324663724385,1.8681671352738023,1.8491187948447076,1.8300876435998272,1.8110738507684376,1.7920776596467751,1.7730992815508868,1.7541389015503368,1.735196769950868,1.7162731200842245,1.6973681504630664,1.6784821154069294,1.6596152747325776,1.6407678450957563,1.621940081189173,1.603132266440848,1.5843446477360348,1.5655774791043242,1.5468310578162885,1.528105671292254,1.5094015831257452,1.490719093213274,1.4720585236234591,1.4534201717922115,1.4348043380997808,1.4162113606148556,1.3976439743260214,0.0839884832239192,0.0839095840594039,0.0838275434668792,0.0837423075112506,0.0836537349531869,0.0835615775923753,0.0834654048703972,0.0833644184180886,0.0832578897719472,0.0831464166342136,0.0829989811559917,0.0828793656106831,0.0827537379819928,0.0826292372042177,0.0825025950187877,0.0823739056113372,0.0822463060225666,0.082114283063014,0.0819840329092177,0.0818508706864338,0.0817163395246105,0.081582631704013,0.0814452724043167,0.0813081593667206,0.0811704982846855,0.081029760234922,0.0808895631921921,0.0807481903293913,0.080604177005388,0.0804605500240755,0.0803157187428501,0.0801683339276477,0.0800210206724497,0.0798728229974671,0.0797220000940576,0.0795707469267585,0.0794190646490787,0.0792648287946433,0.0791094388411952,0.0789538835630853,0.0787963031265501,0.0786367280430521,0.0784767513554229,0.07831564792193,0.0781520730695563,0.0779872876070807,0.0778219285168349,0.0776545848404174,0.0774850322252267,0.0773145330694744,0.0771430000101532,306.5120460147082,306.4866619902698,306.46696847191447,306.4527810658814,306.4439086592554,306.44015382837745,306.4413132633936,306.4471782076301,306.45753491131705,306.4721650942627,306.49084640561074,306.5133531365278,306.5394561971433,306.5689238522351,306.6015221391776,306.6370153640893,306.6751665676542,306.7157379610384,306.75849142151617,306.80318888781454,306.8495928294205,306.8974666558649,306.94657510788386,306.99668468682626,307.0475640044783,307.0989841541912,307.1507190802582,307.20254588386695,307.2542451548224,307.3056012861014,307.3564027383562,307.40644232577586,307.4555174864664,307.5034305089991,307.5499887748596,307.5950049965408,307.6382974156506,307.67969001008373,307.71901271149306,307.75610159065394,307.7907990428782,307.82295399430774,307.8524220940916,307.87906589659207,307.90275506558487,307.92336658914564,307.9407849817611,307.95490250023846,307.9656193861571,307.9728441112277,307.976493624263,0.0,0.0150494250694793,0.0477986447583781,0.0835363047125665,0.119209834608737,0.1548180717664617,0.1903611339451275,0.2258391381948785,0.2612522013686388,0.2966004401226122,0.3318839709164658,0.3671029100126945,0.4022573734778294,0.437347477181997,0.4723733367994427,0.5073350678092745,0.5422327854953163,0.5770666049463524,0.6118366410563736,0.6465430085248228,0.6811858218568426,0.7157651953635206,0.7502812431621378,0.7847340791764164,0.8191238171367654,0.8534505705805312,0.8877144528522474,0.9219155771038806,0.956054056295084,0.9901300031934428,1.024143530374727,1.0580947502231433,1.091983774931581,1.1258107165018687,1.1595756867450204,1.1932787972814918,1.2269201595414294,1.2604998847649238,1.2940180840022626,1.3274748681141813,1.3608703477721196,1.3942046334584706,1.4274778354668385,1.4606900639022886,1.4938414286816049,1.5269320395335415,1.559962005999078,1.592931437431676,1.6258404429975306,1.658689131675826,1.6914776122589943
963574633,0.4152218114642007,51,0.6340517238689267,67.53941051200748,0.6230488494743998,4.517773029731272e-07,0.0349517989249224,0.2948816314187746,0.4641725160169553,2.5579586777603125,0.7594554350829834,1.643384671622114,996.6665796835554,1178.2644180770694,0.1220025347045633,23.616098537380537,301.6427718613857,50129.22068258116,0.4632318237856298,463.2318237856298,1.5027677600551737,298.21547626376747,1.5027676686933087,0.0839475408881267,298.37926603044576,0.8787503767047901,1.502767759636924,1.5027677591861668,1.5027677587018389,1.50276775818282,1.5027677576279703,1.5027677570361284,1.5027677564061122,1.5027677557367185,1.5027677550267222,1.502767754274876,1.502767753479911,1.5027677526405343,1.502767751755432,1.5027677508232646,1.5027677498426713,1.5027677488122662,1.5027677477306396,1.5027677465963578,1.5027677454079622,1.5027677441639693,1.5027677428628703,1.5027677415031322,1.5027677400831945,1.5027677386014722,1.502767737056354,1.5027677354462012,1.5027677337693497,1.5027677320241073,1.502767730208756,1.5027677283215493,1.5027677263607129,1.5027677243244448,1.5027677222109157,1.502767720018266,1.5027677177446084,1.5027677153880266,1.5027677129465744,1.5027677104182768,1.5027677078011277,1.5027677050930923,1.5027677022921038,1.5027676993960664,1.5027676964028511,1.5027676933103,1.5027676901162217,1.502767686818394,1.5027676834145618,1.502767679902438,1.5027676762797026,1.502767672544003,1.5027676686933087,0.0839476185781387,0.0839476178819184,0.0839476171603925,0.0839476164130527,0.0839476156393815,0.0839476148388526,0.0839476140109313,0.0839476131550733,0.0839476122707263,0.083947611357329,0.0839476104143117,0.0839476094410963,0.0839476084370964,0.083947607401718,0.0839476063343584,0.0839476052344075,0.0839476041012473,0.083947602934252,0.0839476017327881,0.0839476004962148,0.083947599223883,0.0839475979151364,0.0839475965693113,0.0839475951857358,0.0839475937637308,0.0839475923026091,0.083947590801676,0.0839475892602289,0.0839475876775575,0.0839475860529433,0.0839475843856601,0.0839475826749734,0.0839475809201411,0.0839475791204126,0.0839475772750291,0.0839475753832234,0.0839475734442206,0.0839475714572366,0.0839475694214793,0.0839475673361479,0.083947565200433,0.0839475630135169,0.0839475607745727,0.0839475584827648,0.0839475561372491,0.0839475537371725,0.0839475512816726,0.0839475487698783,0.0839475462009094,0.0839475435738768,0.0839475408881267,298.21855185457474,298.2245769991457,298.2304964602387,298.2363097719554,298.2420164606668,298.24761604494046,298.2531080354664,298.2584919349826,298.2637672381993,298.2689334317229,298.27398999397843,298.27893639513155,298.2837720970096,298.2884965530216,298.29310920807734,298.2976094985059,298.30199685197283,298.30627068739665,298.3104304148641,298.3144754355449,298.3184051416053,298.32221891612045,298.3259161329861,298.32949615682907,298.33295834291715,298.33630203706724,298.3395265755533,298.3426312850125,298.3456154823507,298.34847847464715,298.3512195590575,298.353838022716,298.35633314263686,298.35870418561404,298.36095040812035,298.363071056205,298.3650653653904,298.3669325605676,298.36867185589045,298.3702824546689,298.37176354926083,298.3731143209628,298.37433393989954,298.37542156491213,298.37637634344514,298.37719741143235,298.37788389318126,298.3784349012563,298.3788495363605,298.3791268872166,298.37926603044576,0.0,0.2080199952634065,0.3745444645805512,0.4998638300937653,0.5941411758307444,0.6650390832808013,0.7183347012104562,0.7583826976132811,0.78846442677672,0.8110515184227902,0.8280049203870614,0.8407251897134869,0.8502659433791908,0.8574194675853913,0.8627812901102245,0.8667988630864645,0.8698082491129839,0.8720617540865849,0.873748731296054,0.8750112372382258,0.8759558079680139,0.8766623134921618,0.8771906124206362,0.8775855513380274,0.877880719149681,0.8781012653810804,0.8782660150240373,0.8783890549416947,0.8784809234592553,0.8785495020946451,0.8786006837896396,0.8786388734980816,0.8786673630720037,0.8786886119255858,0.8787044570964442,0.8787162704197157,0.8787250760975517,0.8787316386196452,0.8787365284943282,0.8787401713777264,0.8787428847849396,0.8787449055152915,0.8787464101355743,0.8787475302748966,0.8787483640427367,0.8787489845509582,0.8787494462729315,0.8787497897876949,0.8787500453185516,0.878750235371916,0.8787503767047901
177002707,0.0809548811753766,51,0.2317528499566907,471.5990114967533,0.2966009721448348,1.8881692944211138e-07,0.007742907572777,0.3188017644481962,0.2434913319480471,0.2480968580550863,0.7444611755690251,1.9220615752515957,1170.673193385334,813.3055020847885,0.3551020273545889,19.797628055093,317.2697744990899,62671.21684484687,0.1408249713193725,140.82497131937248,1.0471384781153346,302.8280948493177,0.8503497540957942,0.0832687887280294,302.813774169295,2.5687470016427043,1.0433052159978364,1.0394696928846876,1.035633398502364,1.0317963157495416,1.0279584272538451,1.0241197153498944,1.0202801620603703,1.0164397490790638,1.0125984577551528,1.008756269078173,1.0049131636643058,1.0010691243105774,0.9972281266828302,0.9936096080984482,0.9898100131140404,0.9859567351100712,0.9821022300171032,0.978246689914426,0.9743900924150805,0.9705324143197476,0.9666736319623644,0.9628137211824072,0.9589526573006428,0.9550904150952512,0.9512269687773536,0.9473622920161324,0.9434964810872138,0.9396611812486434,0.9358639247027948,0.9319919276600982,0.9281173890387076,0.9242414817028972,0.9203641780677146,0.9164854472621038,0.91260525769205,0.9087235770038568,0.90484037204819,0.900955608842818,0.8970692525332605,0.89318126743416,0.889291813542268,0.8854354252877044,0.8815842761913935,0.8776867042803895,0.8737868882431372,0.8698852488199478,0.8659817452161647,0.8620763346036556,0.8581689729864659,0.8542596157526129,0.8503497540957942,0.0879808052340388,0.0879031554570568,0.0878250421612478,0.0877464602313426,0.0876674042132897,0.0875878683655294,0.0875078466933116,0.0874273329708514,0.0873463207547803,0.0872648033913689,0.0871827740192491,0.0871002372528902,0.087062721637764,0.0895832429761704,0.0874057501136207,0.0867084437142741,0.0866209465812121,0.0865353782433687,0.0864492414147153,0.0863625237727311,0.086275216969776,0.0861873122895537,0.0860988006861014,0.0860096727868621,0.0859199188841464,0.0858295289487243,0.0857397840188874,0.0860183675643541,0.0863855248622394,0.0854387591979797,0.0853313665635075,0.0852372663834898,0.0851424927111846,0.0850470037212925,0.0849507873372261,0.0848538309900124,0.0847561216252424,0.0846576456858694,0.0845583890853387,0.0844583372478364,0.0843596090504957,0.0846630235143808,0.0846427853475143,0.0840201265485584,0.0839108995646593,0.0838061615348595,0.0837005397941447,0.0835940060417194,0.0834865419492445,0.0833781284995032,0.0832687887280294,302.8278172503492,302.8272728016337,302.82673893581614,302.8262156655378,302.8257030034519,302.82520096222464,302.8247095545367,302.8242287930844,302.82375869058114,302.82329925975927,302.8228505133712,302.82241246419113,302.82198512501293,302.821568492371,302.82116164804864,302.820765354351,302.820379843432,302.8200051290244,302.81964122400365,302.81928814127946,302.81894589380016,302.8186144945544,302.81829395657337,302.81798429293286,302.81768551675606,302.8173976412156,302.8171206795361,302.81685464453574,302.8165994171751,302.81635484671966,302.8161212521764,302.8158986519512,302.81568705951025,302.81548648837776,302.8152969521495,302.8151184644959,302.8149510391656,302.8147946899885,302.8146494308798,302.81451527584335,302.81439223897604,302.8142803337085,302.8141794295236,302.8140895115827,302.8140107802347,302.8139432518681,302.81388694106494,302.8138418625216,302.813808031058,302.8137854616219,302.813774169295,0.0,0.0838755085493997,0.1636206494999345,0.2417504665685387,0.3182964584462012,0.3932895900915887,0.4667602952507391,0.5387384796724771,0.6092535249259676,0.6783342927381752,0.7460091297793845,0.8123058728338173,0.8772518543000821,0.9408739079728076,1.0031983750625793,1.0642511104163068,1.124057488904535,1.1826424119460237,1.2400303141433038,1.296245170005855,1.3513105007401751,1.405249381088303,1.4580844461984088,1.5098378985128766,1.560531514660905,1.6101866523441015,1.658824257204817,1.7064648696681104,1.753128631749262,1.7988352938196752,1.8436042213248107,1.8874544014485584,1.930404449719107,1.972472616551968,2.013676793726349,2.0540345207915647,2.093562991400614,2.13227905956842,2.170199245852636,2.207339743455198,2.2437164242431207,2.2793448446872966,2.314240251718285,2.348417588498311,2.381891500108873,2.4146763391535484,2.446786171275741,2.4782347805912552,2.509035675035714,2.539202091626961,2.5687470016427043
677228153,0.7645802310367765,51,0.414409738219844,401.6320833991888,0.9652401771085358,1.463900748600474e-07,0.0808546536463806,0.8065080949514168,0.2916087312067487,1.895210449041921,0.812271041614535,0.3452580744744385,960.1614609467222,886.894242180092,0.0218637828015919,22.81197761170101,313.3619260009064,51999.29644489705,0.0339340600659024,33.93406006590244,2.8598649150176128,302.4902912552357,0.6284216902246141,0.019785200337227,311.88698044211384,19.2192462624958,2.8259548222998485,2.7851844151265,2.7380125307687453,2.6850013162036737,2.6267954860482865,2.564100145737083,2.4976582522371347,2.428228575089952,2.356564879461083,2.283397005148417,2.209414468696856,2.1352531069329475,2.0614851014916877,1.9886124997845749,1.9170641151937653,1.8471954833775217,1.7792913979818128,1.713570460149719,1.650191051690358,1.5892581716789114,1.5308306452644869,1.4749283048637638,1.4215388427264328,1.3706241285507557,1.322125868899725,1.2759705528171346,1.2320736793745877,1.1903432989747211,1.1506829232863969,1.1129938713293348,1.0771771240753942,1.0431347593215428,1.0107710344363663,0.979993178375726,0.950711947193378,0.9228419898921192,0.8963020643572923,0.8710151365744538,0.8469083905010826,0.8239131708858295,0.8019648769932657,0.7810028215459757,0.7609700661687668,0.7418132421342183,0.7234823631876317,0.7059306356003202,0.6891142692977985,0.6729922928765697,0.6575263745105989,0.642680650115825,0.6284216902246141,0.3028463405727861,0.2919955238008149,0.280611995658081,0.2688288891363056,0.2567753490004075,0.2445746282433741,0.2323424066472825,0.2201853969422092,0.2082001213921334,0.1964718742958367,0.1850739488610761,0.1740672055189568,0.1635000261475702,0.1534086569684097,0.1438179044954265,0.1347421201483962,0.126186392381506,0.1181478601881659,0.1106170666666665,0.1035792830924571,0.097015749554526,0.090904794919462,0.0852228145854087,0.0799450978410523,0.0750465070210326,0.0705020179721413,0.0662871359066814,0.0623782030095728,0.058752614735817,0.0553889611091966,0.0522671079590428,0.0493682312609896,0.0466748158361001,0.0441706277836128,0.0418406682820795,0.0396711148482125,0.0376492548137346,0.0357634146665396,0.0340028879884809,0.03235786398604,0.0308193580272448,0.0293791451439602,0.0280296971102179,0.0267641234443871,0.0255761164882885,0.02445990057526,0.0234101851996817,0.0224221220328543,0.0214912655866399,0.0206135373008597,0.019785200337227,302.4710781776617,302.4337264604817,302.4059714438194,302.3954806190937,302.40861225757726,302.4503538455335,302.5243089365795,302.63272916306937,302.77658652141565,302.95567983126546,303.16876837314226,303.4137251272417,303.68770181512684,303.9872981260953,304.3087280899059,304.6479774866916,305.0009473713787,305.3635801183135,305.73196574302386,306.10242752698423,306.4715870782938,306.83640985727504,307.19423286165954,307.5427766063506,307.88014377037007,308.20480695145983,308.51558790395785,308.8116304744057,309.0923692246864,309.3574954718911,309.6069221994685,309.8407490219152,310.059228126909,310.2627318819056,310.45172258121937,310.62672462640893,310.78829927760904,310.9370219851969,311.073462208024,311.1981655439671,311.3116379381577,311.41433169120273,311.5066329613599,311.5888504384633,311.6612048611081,311.7238190501394,311.7767081391127,311.8197696946252,311.85277343512183,311.8753502751105,311.88698044211384,0.0,0.3345076684718677,0.7532886466148903,1.170854382126321,1.586850551012024,2.0013087516717105,2.4142559117233864,2.825715172059198,3.235706541856303,3.644247412319924,4.051352964500129,4.457036496609442,4.861309689408195,5.264182823400349,5.66566495813901,6.065764081449618,6.46448723455345,6.861840617721159,7.2578296800723745,7.652459196370253,8.045733333073764,8.437655705458818,8.828229427268276,9.217457154075982,9.605341121332952,9.99188317789159,10.377084815665802,10.76094719597402,11.143471173022297,11.524657314911298,11.90450592249146,12.283017046340785,12.660190502099493,13.036025884361424,13.410522579294105,13.783679776135427,14.155496477695204,14.525971509972582,14.895103530986477,15.262891038903504,15.62933237953781,15.9944257532881,16.358169221569455,16.720560712791034,17.081598027924823,17.441278845705742,17.799600727499037,18.15656112186704,18.512157368864163,18.866386704086,19.2192462624958
781862809,0.3369391754795014,51,0.6650059592607747,349.5703475391159,0.1771630375168819,2.7232622761458294e-07,0.0020269263371176,1.2875477173530798,2.752718546787337,9.62838732849278,0.2677553669350175,1.0681689135271428,852.1031116029576,900.5729088662666,0.2343884009273746,19.12935619292487,309.75926027048035,63921.5199143225,0.4942153739823122,494.21537398231226,2.5670904772807384,314.23450104749344,1.5710135519269677,0.7303467810742329,308.66589736828814,32.461797796161754,2.547949285984031,2.5288022532688235,2.5096537442239284,2.4905037587290564,2.471352296657134,2.4521993578617947,2.4330449421388267,2.413889049096201,2.39473167769298,2.37557282447794,2.3564124763006027,2.3372505772655434,2.3180868662749705,2.298920118418572,2.279746516922997,2.260562868316457,2.241371302013404,2.2221748888051582,2.202975380192002,2.1837735793251816,2.164569731908987,2.1453634758666724,2.126153352804645,2.1069374694019056,2.0877158196257843,2.068489717147369,2.0492602273641114,2.030027730189664,2.0107916623054805,1.991550555621983,1.9723036432280483,1.9530516207816095,1.9337953330969435,1.914534762411596,1.895268730565584,1.8759959767024772,1.85671609002858,1.8374279224738608,1.8181271207432832,1.798803393560343,1.779434410591598,1.7599745721193822,1.7403531363234923,1.7204925723628952,1.7003280208333145,1.679812500321309,1.6589123716376326,1.637601852928861,1.615859692693852,1.593667392613778,1.5710135519269677,0.815181188533426,0.8151811877560752,0.8151811868317962,0.8151811856867606,0.8151811841447111,0.8151811817256909,0.8151811769927124,0.8151811653106944,0.815181130668585,0.8151810136371808,0.8151805750840575,0.8151787613340997,0.8151705138986419,0.8151320628804616,0.814999445060371,0.8147880195587403,0.8146291453868857,0.81454605720521,0.8145061970046561,0.8144861611940538,0.8144721949546808,0.814449305117854,0.8143904398664654,0.8142848581706278,0.8141791306719832,0.8141058263775584,0.8140588197098713,0.814021197489101,0.8139696869026756,0.8138819570397651,0.8137753060702038,0.8136858277758656,0.8136172064371179,0.8135481601643535,0.8134500529866968,0.8133208413636065,0.8131815095307815,0.8130138814973287,0.8127388940441269,0.8122100852521218,0.8111305053037947,0.8089260954782093,0.8049765229562276,0.7991143105663795,0.7916522100326184,0.7830314616445373,0.7735813686130183,0.7634958710045154,0.7528868001735144,0.7418220968193976,0.7303467810742329,314.13168013590223,313.92984385891435,313.731382000104,313.53631979429906,313.3446824163624,313.15649497953603,312.97178253378723,312.7905700641599,312.6128824891528,312.4387446591898,312.26818135545784,312.1012172902622,311.9378771142609,311.77818545753775,311.62216712877336,311.469847654504,311.32125315130975,311.1764092184308,311.0353407379799,310.8980721451689,310.76462762251026,310.63503121346525,310.50930694706534,310.3874790648563,310.2695721111904,310.1556105402274,310.0456184393557,309.93961957796193,309.83763754748014,309.7396959557477,309.6458186142761,309.5560293919063,309.47035190917774,309.38880950487453,309.3114254131316,309.2382230034078,309.16922579709654,309.1044572898588,309.0439411036574,308.9877016533175,308.93576538481136,308.88816328898423,308.844935764856,308.8061378945831,308.7718409192498,308.742129667434,308.71709888715674,308.69685050557086,308.6814920183966,308.67113556480086,308.66589736828814,0.0,0.8080765450131255,1.6944256181471549,2.578648617585022,3.460487185244422,4.339599521701172,5.215529263541032,6.087659121486844,6.955144057439219,7.816823139826282,8.67113104204768,9.51608889472536,10.349522136961236,11.169537546420027,11.974921727567644,12.76513433984087,13.540063677779733,14.299814763639336,15.04459203628224,15.774643691344732,16.49023615984296,17.191642245834124,17.879135450987484,18.552987177892103,19.21346532148188,19.860833555014004,20.495350976007305,21.117271944794837,21.726846029073148,22.32431800815964,22.909927911481653,23.483911076892557,24.04649822046713,24.597915512829942,25.13838465902797,25.668122980147192,26.18734349530008,26.6962550037452,27.19506216615649,27.68396558502345,28.16316188393614,28.63284378563606,29.093200188760704,29.54441624324057,29.986673424327645,30.42014960524899,30.845019128488385,31.26145287570569,31.669618336307945,32.069679674689745,32.461797796161754
614863010,0.7964581727829488,51,0.7955445328758242,340.6828484522417,0.1997758146467343,5.541507025823817e-07,0.0029493130571631,0.3393007036874092,0.8085039338387278,3.198547992928913,0.8167487061931389,1.5258130316375789,1058.3370659835564,1122.7942764989843,0.4807703357491061,18.270837190559,304.1302010089215,55485.12970343964,0.2863726819310159,286.372681931016,3.4108339185190197,313.98683736171427,2.6805346977506,0.169148184246586,311.2965571051409,10.148438005744431,3.396702121299788,3.382565348253493,3.3684246976800414,3.35427892326799,3.340127624760441,3.325971118714937,3.31180969137679,3.297643332344128,3.283471932799962,3.2692954063085278,3.2551136339676208,3.240926446628833,3.2267336722681548,3.212535145868138,3.198330688010798,3.1841201053228887,3.1699032003693395,3.1556797679747737,3.141449590253324,3.127212438818637,3.1129680756603126,3.0987162508707957,3.084456702015105,3.070189154576147,3.0559133212773526,3.041628901256529,3.02733557984238,3.0130330282227704,2.998720902886572,2.9843988452137147,2.9700664811484896,2.9557234208158163,2.941369258162607,2.9270035706655317,2.9126259190667207,2.8982358471427525,2.8838328815306737,2.8694165316133997,2.8549862894675075,2.8405416298842705,2.826082010473295,2.8116068718571205,2.7971156379661366,2.78260771644372,2.768082499171832,2.7535393629273552,2.738977670179336,2.724396770037349,2.7097959993611767,2.6951746844866267,2.6805346977506,0.1860872227243222,0.1859286742874469,0.1857537474463368,0.1855635192630993,0.1853663253981252,0.1851692248321598,0.1849718552502958,0.1847712043299621,0.1845662255864668,0.1843570708181408,0.1841433449635889,0.1839244738339911,0.1837003516763036,0.1834709689660844,0.1832361012991369,0.1829955263289985,0.1827491176709491,0.1824967099914589,0.1822380860190463,0.1819730477968678,0.1817014033649836,0.1814229353511741,0.1811374171753928,0.1808446236352084,0.180544319636924,0.1802362585895225,0.1799201882666374,0.1795958496008511,0.1792629742943039,0.1789212861460872,0.1785705017295111,0.1782103296684438,0.1778404707224443,0.1774606182760699,0.1770704584390182,0.1766696701920328,0.176257925761627,0.1758348910106347,0.1754002258514549,0.17495358475935,0.1744946173714843,0.1740229691614071,0.1735382821992933,0.1730401960032754,0.172528348485601,0.1720023769942695,0.1714619194492599,0.170906615574566,0.1703361082251023,0.1697500448216254,0.169148184246586,313.9378892989752,313.8416044162931,313.746763423974,313.653388960192,313.5615036610647,313.4711300641241,313.38229052520813,313.295007214653,313.20930214188604,313.12519715904585,313.0427139517992,312.9618740360188,312.8826987564021,312.805209280102,312.72942658934835,312.6553714763936,312.5830645384698,312.51252617175294,312.44377656578354,312.37683569848537,312.3117233310253,312.24845900266024,312.18706202591034,312.12755148188995,312.06994621568634,312.01426483190994,311.96052569043763,311.9087469022889,311.858946325652,311.8111415620877,311.76534995290115,311.7215885756757,311.6798742409808,311.6402234892543,311.60265258785853,311.5671775283089,311.53381402367745,311.5025775061693,311.47348312486866,311.4465457436526,311.4217799392687,311.3991999995701,311.3788199219045,311.36065341164687,311.3447138808696,311.3310144471401,311.3195679324345,311.31038686215607,311.3034834642443,311.29886966836176,311.2965571051409,0.0,0.1863830725353152,0.4729723740407724,0.7552848157150767,1.0334676531361249,1.3075660732153516,1.5776256378698577,1.8436922269007807,2.1058119791004577,2.364031236525555,2.618396491897704,2.8689543390724728,3.115751426500999,3.358834413595724,3.5982499299019235,3.83404453696968,4.066264692816119,4.294956718864818,4.520166769248017,4.741940802357187,4.9603245545285874,5.175363515752326,5.387102907295976,5.595587661136934,5.80086240110115,6.002971425609544,6.201958691937522,6.397867801896927,6.590741988853938,6.780624106000523,6.967556615801177,7.151581580540626,7.332740653902126,7.511075073509814,7.686625654372201,7.859432783167483,8.029536413314668,8.196976060777873,8.361790800554116,8.524019263798023,8.68369963553946,8.840869652953007,8.995566604140501,9.147827327390305,9.297688210879311,9.445185192785567,9.5903537617817,9.73322895788092,9.873845373609312,10.01223715547978,10.148438005744431
171384658,0.1055142450460871,51,0.3642489761887214,316.9570448418441,0.4601713112394017,7.178637415745573e-07,0.0458445283316206,0.7811158938604372,4.3787264992916,0.150254773396186,0.6781046904514403,1.646957643601771,880.2323886597934,1177.45201871923,0.2338817200547677,36.19714269545938,311.3229683916904,63047.87948820543,0.0251360861646912,25.13608616469128,1.7590322474408424,307.7610074126084,6.289173993987853e-16,0.0,306.7131575746023,4.687881028509516,1.733028179827189,1.7069852958387923,1.680921271264039,1.6548344189310653,1.6287228726343124,1.6025908425248372,1.5765838193357318,1.5503464163290788,1.5240751389796718,1.4977670500088156,1.4714183118553454,1.4450328870552671,1.418569500468754,1.392051974683243,1.3654734452621926,1.3388146905679958,1.3120756706870391,1.28524698838844,1.2583066366157625,1.231249621256598,1.2040411003673512,1.1766543343010971,1.1490142673186508,1.1208114895423609,1.091470416805043,1.060933182981231,1.0291552861977575,0.9960870177175074,0.9616780826548592,0.9258776585136204,0.8886345747314129,0.8498974990602897,0.8096154658678074,0.7677382551882613,0.7242171692701481,0.6790059843949294,0.6320622784269178,0.5833492772418293,0.5328384827318621,0.4805135129508493,0.4263759113132754,0.3704543480910857,0.3128200761724432,0.2536150743061914,0.1931096099188732,0.1318401266831313,0.0710622318084917,0.0156062129616156,8.149646623045203e-07,3.057930355171503e-11,6.289173993987853e-16,0.3073475234901707,0.3068358891802506,0.30630861580469,0.3057645990429676,0.3052025564930122,0.3046549655562962,0.3048989087813301,0.3031858855091143,0.302538689159315,0.3018659301205607,0.3011622281055682,0.3004701316005931,0.2995407293416242,0.2987302471778499,0.2978702649523243,0.2968922116646193,0.2959004915136574,0.2948431685073953,0.293650060870152,0.2924135096354338,0.2909686145459498,0.2893583520675571,0.287316528913758,0.2835533424440651,0.2765940377748843,0.2692655674459897,0.2616356843025531,0.253669623238209,0.2453569326627049,0.2366863067959635,0.2276459793214765,0.2182234086107496,0.2084066947229033,0.198183142587444,0.1875405997834287,0.1764672460177129,0.1649519813500885,0.1529848203480855,0.1405574675458993,0.1276641303865252,0.1143027135796895,0.1004766960951914,0.0861981425724178,0.0714930239470593,0.0564125197769562,0.041049574101786,0.0256197272418687,0.0107322889440981,0.0008330510829856,0.0,0.0,307.7426763619856,307.70656821631127,307.6709887710394,307.635938977033,307.6014197809572,307.56743212951625,307.533976833985,307.50105135498944,307.4686611768099,307.4368072868944,307.4054906973529,307.3747124656605,307.3444735170217,307.3147756722236,307.2856201707145,307.2570083663353,307.2289420083852,307.2014228066693,307.1744526437458,307.148033861752,307.1221688764029,307.0968608547962,307.07211353167577,307.0479323028962,307.0243295422363,307.0013306596234,306.9789623647848,306.95725236389046,306.93622947740545,306.9159236531877,306.89636597826745,306.8775886865744,306.85962516247463,306.8425099323741,306.8262786477977,306.8109680509578,306.79661591887555,306.7832609775898,306.7709427747674,306.75970149311246,306.74957767727864,306.7406118299499,306.7328438007231,306.72631182704214,306.7210509417759,306.7170900860591,306.71444612465547,306.71310771964073,306.71295566469604,306.71309023331867,306.7131575746023,0.0,0.0849409646257592,0.1789573736020108,0.272967972223584,0.3669752454464538,0.4609772580367194,0.5549757459160645,0.6489695669648368,0.742959686427389,0.8369456832769581,0.9309278331961937,1.0249063544136108,1.118880921291719,1.212852298522588,1.306819647555917,1.4007841955277958,1.4947446732600824,1.5887026923613634,1.6826566272345662,1.776608404532474,1.8705561076088424,1.9645019175935647,2.0584436835163658,2.1523837886832364,2.246319896645856,2.3402545479682124,2.434185262690911,2.5281147000350224,2.622040272705612,2.715964725214552,2.8098853943757867,2.903805080838612,2.997721073418313,3.091636202427956,3.185547733883457,3.2794585048140106,3.373365780434089,3.467272382772713,3.561175594570063,3.6550782065557055,3.748977544058751,3.842876341284414,3.936771980860368,4.030667123705124,4.1245592347330415,4.218450883528666,4.312339628948827,4.406227928729925,4.500113461384722,4.593998557994847,4.687881028509516
93291433,0.1760161528049235,51,0.4246583275325134,276.3378697557753,0.6122186670660634,5.546567656648647e-07,0.0723664053980365,8.546491769803318,2.358964805866034,0.7629796472814212,0.492780795696594,1.089655621081707,844.2410012197995,1064.259675962306,0.0185839179269026,26.999310640552345,307.39915409334697,60154.16174665441,0.206611665551319,206.61166555131905,4.946300583793291,308.3393636356601,0.0,0.0,290.8734107543026,152.7123700277332,4.946299450726503,4.946297651954767,4.946294910886391,4.946290757677338,4.946284506287652,4.946275210533813,4.946261531151981,4.946241557208005,4.946212559267015,4.946170638178011,4.946110223439064,4.94602335641883,4.945898666095802,4.945719905406298,4.945463859745916,4.9450973584052464,4.944573004403412,4.943823073597371,4.942750799174519,4.941217923025195,4.939026919141568,4.935895617211676,4.931420994854522,4.925027551305832,4.915893770786624,4.902847529629171,4.884217648678783,4.857623866307415,4.81968108726516,4.765585914335184,4.6885451487149865,4.579000544965699,4.423611505370578,4.204005051662045,3.895468122488505,3.46627642122909,2.880018383665476,2.109115837853625,1.1897594426656215,0.3836624946455557,0.054895296583974,0.003610007037683,9.97295202658752e-05,8.947697337569124e-07,0.0,0.0,0.0,0.0,0.0,0.0,0.0,7.409652706189186,7.409649978155588,7.409646085786258,7.409640245697227,7.409631556139399,7.409618913941656,7.409600665797259,7.409574412772288,7.409536721123166,7.409482683901682,7.409405289886836,7.409294521057513,7.409136062684587,7.408909459968309,7.408585483859796,7.408122366941703,7.407460424934934,7.406514371973537,7.405162341828571,7.403230205266512,7.400469172623333,7.396523815667941,7.3908864292195,7.382831935564963,7.371325115318964,7.354888562797925,7.331415074886654,7.297901792071112,7.2500749311026365,7.181863220302898,7.0846658197410015,6.94634954109968,6.749909729474399,6.471764988362317,6.079800119078244,5.531735809909205,4.775867462995123,3.7611519683314087,2.481924584415376,1.13548725545299,0.270612239564058,0.0300290023701359,0.001576198191344,3.433822883427473e-05,2.290235663286216e-07,0.0,0.0,1.4405256050583019e-10,0.0,0.0,0.0,308.1221603635553,307.6869205085742,307.2498279746148,306.8108086413148,306.36978783023613,305.92669031713365,305.4814403494736,305.0339616800163,304.5841776220482,304.13201113460684,303.67738495045387,303.22022176517174,302.7604445136717,302.2979767716829,301.8327433359102,301.3646710595773,300.8936900529692,300.4197354055765,299.9427496535436,299.46268631191367,298.9795149278412,298.493228305832,298.0038528336933,297.5114632327854,297.01620361676305,296.5183175363883,296.0181908058581,295.51641247057245,295.01386144331866,294.51182928870406,294.0121935502858,293.5176609521879,293.03210541727424,292.56103057989395,292.1121854552004,291.69634084245087,291.3281500151353,291.02673141619704,290.8146168483249,290.7100437738235,290.6996047256076,290.72568984002385,290.7547500417612,290.7809998912377,290.80401775355244,290.8237820583128,290.84028229579553,290.85350738956447,290.86344557902544,290.87008441498506,290.8734107543026,0.0,3.051867562418741,6.107477357953367,9.162761127538698,12.2177906591986,15.272623760061434,18.32730593704471,21.381872457200306,24.436349969912197,27.490758625355067,30.54511420291649,33.599428949833296,36.65371182622445,39.70796957525899,42.76220783654138,45.81643104196401,48.87064216229214,51.92484350161224,54.97903732744671,58.03322534671291,61.08740844017642,64.1415874475876,67.19576347350076,70.24993717582666,73.3041086746727,76.35827835460817,79.41244688139193,82.46661444031446,85.52078088262645,88.57494649040913,91.62911172303296,94.68327651145516,97.7374406442714,100.79160441931889,103.84576815528996,106.89993162982448,109.95409466800986,113.00825760958696,116.06242064386392,119.11658345884456,122.17074596743052,125.22490853763972,128.27907122795048,131.33323368897462,134.38739594507274,137.44155836139427,140.49572086793015,143.5498831252953,146.60404527273008,149.6582076356607,152.7123700277332
