seed,L,Nz,eps,rho_B,u,D_ax,kL,qmax,b,n,lam_z,rho_g,cp_g,cp_s,D_col,h_w,T_wall,dH,dt,t_end,C_in,T_in,C_out_final,q_out_final,T_out_final,N_ads_final,C_z0,C_z1,C_z2,C_z3,C_z4,C_z5,C_z6,C_z7,C_z8,C_z9,C_z10,C_z11,C_z12,C_z13,C_z14,C_z15,C_z16,C_z17,C_z18,C_z19,C_z20,C_z21,C_z22,C_z23,C_z24,C_z25,C_z26,C_z27,C_z28,C_z29,C_z30,C_z31,C_z32,C_z33,C_z34,C_z35,C_z36,C_z37,C_z38,C_z39,C_z40,C_z41,C_z42,C_z43,C_z44,C_z45,C_z46,C_z47,C_z48,C_z49,C_z50,q_z0,q_z1,q_z2,q_z3,q_z4,q_z5,q_z6,q_z7,q_z8,q_z9,q_z10,q_z11,q_z12,q_z13,q_z14,q_z15,q_z16,q_z17,q_z18,q_z19,q_z20,q_z21,q_z22,q_z23,q_z24,q_z25,q_z26,q_z27,q_z28,q_z29,q_z30,q_z31,q_z32,q_z33,q_z34,q_z35,q_z36,q_z37,q_z38,q_z39,q_z40,q_z41,q_z42,q_z43,q_z44,q_z45,q_z46,q_z47,q_z48,q_z49,q_z50,T_z0,T_z1,T_z2,T_z3,T_z4,T_z5,T_z6,T_z7,T_z8,T_z9,T_z10,T_z11,T_z12,T_z13,T_z14,T_z15,T_z16,T_z17,T_z18,T_z19,T_z20,T_z21,T_z22,T_z23,T_z24,T_z25,T_z26,T_z27,T_z28,T_z29,T_z30,T_z31,T_z32,T_z33,T_z34,T_z35,T_z36,T_z37,T_z38,T_z39,T_z40,T_z41,T_z42,T_z43,T_z44,T_z45,T_z46,T_z47,T_z48,T_z49,T_z50,Qtot_t0,Qtot_t1,Qtot_t2,Qtot_t3,Qtot_t4,Qtot_t5,Qtot_t6,Qtot_t7,Qtot_t8,Qtot_t9,Qtot_t10,Qtot_t11,Qtot_t12,Qtot_t13,Qtot_t14,Qtot_t15,Qtot_t16,Qtot_t17,Qtot_t18,Qtot_t19,Qtot_t20,Qtot_t21,Qtot_t22,Qtot_t23,Qtot_t24,Qtot_t25,Qtot_t26,Qtot_t27,Qtot_t28,Qtot_t29,Qtot_t30,Qtot_t31,Qtot_t32,Qtot_t33,Qtot_t34,Qtot_t35,Qtot_t36,Qtot_t37,Qtot_t38,Qtot_t39,Qtot_t40,Qtot_t41,Qtot_t42,Qtot_t43,Qtot_t44,Qtot_t45,Qtot_t46,Qtot_t47,Qtot_t48,Qtot_t49,Qtot_t50
49828752,0.1157617459513326,51,0.5626960964291995,82.47239934526027,0.1471404533880759,1.219142668605741e-07,0.0337933800241347,1.0014893188355565,1.7319116175816245,9.969129938606518,0.7331096529766193,1.683802526937819,1011.1268757027832,1101.6655015736662,0.3257047545509091,46.573270438939474,307.5431582905955,40578.58057527362,0.1433472478710029,143.34724787100296,4.689290078762701,313.2668905590211,4.657058094934948,0.9932958323773656,313.2436963978836,4.230785801802267,4.688675413978322,4.688060202171879,4.68744466306168,4.686828796473286,4.686212602231372,4.68559608015718,4.684979230058064,4.684362051678469,4.683744544457748,4.68312670621706,4.682508525280456,4.681889929232025,4.681270512297419,4.680649350536253,4.680026462563982,4.679402565580116,4.678778077967251,4.678153157875782,4.677527833508107,4.676901984805614,4.676275221201802,4.675647255234236,4.67501830228293,4.674388654789741,4.673758464468568,4.673127715338833,4.672496156740278,4.6718635048256365,4.671229835445505,4.670595379848819,4.669960267480817,4.669324431764962,4.66868762266379,4.668049738484204,4.667410936725235,4.666771367226524,4.6661310002313074,4.6654896300651005,4.664847173662926,4.664203767118962,4.6635595116014,4.662914309384687,4.662267993682526,4.661620601752552,4.660972245187315,4.660322868146,4.659672314274973,4.659020586290313,4.658367718585323,4.657713553794733,4.657058094934948,0.9936037433514197,0.9936037433452928,0.9936037433379163,0.9936037433265787,0.9936037433008876,0.9936037432189784,0.993603742902984,0.9936037415492778,0.9936037352522932,0.9936037033005292,0.9936035241484346,0.993602420169162,0.9935961175575152,0.9935779671641904,0.9935600642033356,0.9935513721009084,0.993548053613935,0.993546767953388,0.9935458476003052,0.9935433915628828,0.9935359298180876,0.993524785448522,0.9935164110655216,0.9935117944783016,0.993509129048904,0.9935062634608964,0.9935001872492132,0.9934904747156296,0.993481741674397,0.9934759816858134,0.9934718880347012,0.993466945891272,0.993458801406356,0.993449358211384,0.9934419422284242,0.9934364549444132,0.9934305920918582,0.9934220964549808,0.993412541383482,0.9934047392254788,0.993398241890774,0.9933904973859112,0.9933806194600672,0.9933712265930182,0.9933632729577702,0.9933546102400213,0.9933439485933452,0.9933333296651085,0.9933231607069788,0.9933109806595296,0.9932958323773656,313.2664381667375,313.2655510618408,313.26468143503564,313.2638292948615,313.2629946498548,313.26217750854823,313.26137787947124,313.2605957711498,313.2598311921068,313.25908415086406,313.25835465595225,313.2576427159699,313.2569483399611,313.25627153949154,313.25561233187875,313.2549707343206,313.25434675954114,313.2537404176525,313.25315171777623,313.2525806688523,313.252027280563,313.25149156501794,313.2509735361129,313.25047320639635,313.2499905865893,313.24952568646154,313.2490785158763,313.24864908625227,313.248237410771,313.247843502136,313.24746737160393,313.2471090296188,313.2467684870327,313.2464457562494,313.2461408503005,313.2458537812301,313.24558456014216,313.2453331983192,313.2450997083188,313.2448841032097,313.2446863952063,313.2445065958858,313.2443447174271,313.24420077304177,313.2440747757025,313.2439667376796,313.243876671584,313.243804590994,313.2437505094635,313.2437144403249,313.2436963978836,0.0,0.3382925939725911,0.7008412286206316,1.0299363031671542,1.3286449459152048,1.5997713980316004,1.8458623358901485,2.069229464256495,2.271971065086738,2.4559916769587478,2.623019978290111,2.774625024034868,2.912230984446132,3.0371305233190715,3.150496941061942,3.253395196553029,3.3467919112782987,3.4315644497094047,3.508509161214156,3.578348860919617,3.6417396198005374,3.699276927777769,3.7515012877219776,3.798903292912093,3.841928235645628,3.88098029029392,3.9164263100975703,3.948599273368991,3.9778014114754487,4.004307047986792,4.028365175658599,4.05020179545882,4.070022039610638,4.088012098595304,4.104340970217081,4.119162047160997,4.132614557956795,4.144824874885464,4.155907701114742,4.165967148215505,4.175097714181164,4.183385171137568,4.190907371082475,4.197734977223732,4.203932127786244,4.209557038523589,4.214662549594173,4.21929662193931,4.223502787826133,4.227320559787764,4.230785801802267
808896105,0.3293853015639426,51,0.7077504134147803,309.9778468269,0.6521275538707695,5.175325980465051e-06,0.0169320868797869,0.2281776221484318,5.173072530924087,3.345995176928921,0.5596111250945306,1.7987162931048548,807.3491459767212,1124.509789705714,0.2665345620354575,42.951815061702526,313.47201136655315,59791.42553483005,0.4286862816890194,428.6862816890194,0.1996463780471785,299.40296041278776,0.1848249421740084,0.0964147923985082,299.82710175726635,3.4094044219976136,0.1996368311648147,0.1996235409145321,0.1996060350482276,0.1995838173589176,0.199556380757046,0.1995232088360198,0.1994837774256152,0.1994375561418587,0.1993840099389332,0.1993226006661654,0.1992527886313262,0.1991740341702141,0.1990857992216485,0.198987548906438,0.1988787531085054,0.1987588880560824,0.1986274379006583,0.1984838962911711,0.1983277679407197,0.1981585701828575,0.1979758345142829,0.1977791081204768,0.1975679553805521,0.1973419593472684,0.1971007231978547,0.1968438716509502,0.1965710523446546,0.1962819371703589,0.1959762235567265,0.1956536356979179,0.1953139257199054,0.1949568747785168,0.1945822940826933,0.1941900258363414,0.1937799440921242,0.1933519555105713,0.1929060000179984,0.1924420513569224,0.1919601175229444,0.1914602410824452,0.190942499365911,0.1904070045322691,0.1898539035002711,0.1892833777437132,0.1886956429481128,0.1880909485273815,0.1874695770000154,0.186831843225376,0.1861780935030096,0.1855087055837567,0.1848249421740084,0.1201035560421881,0.1200411049027514,0.1199681834440671,0.1198841512994944,0.1197883783237177,0.1196802456193098,0.1195591466892511,0.1194244886843538,0.1192756937106752,0.1191122001674033,0.118933464093201,0.118738960505644,0.1185281847234554,0.1183006536648151,0.1180559071173843,0.1177935089771523,0.1175130484540044,0.1172141412422672,0.1168964306545017,0.1165595887166387,0.1162033172222359,0.1158273487432518,0.1154314475942923,0.1150154107468558,0.114579068689656,0.1141222862306892,0.1136449632363303,0.1131470353023935,0.1126284743517992,0.1120892891532518,0.1115295257551615,0.1109492678289377,0.1103486369157614,0.1097277925709998,0.1090869324005794,0.1084262919838783,0.107746144678031,0.1070468012989869,0.1063286096751979,0.1055919540704526,0.1048372544731059,0.1040649657497885,0.1032755766625955,0.1024696087497415,0.1016476150707488,0.1008101788183426,0.0999579118004119,0.0990914527965771,0.0982114657967433,0.0973186394675128,0.0964147923985082,299.41156204703555,299.4283496688585,299.4447862654977,299.46087101942175,299.47660320729005,299.4919822028223,299.50700747932353,299.5216786118666,299.5359952791304,299.5499572648906,299.5635644591619,299.576816858986,299.5897145688638,299.6022578008291,299.6144468741585,299.6262822147188,299.6377643539476,299.6488939274664,299.6596716733265,299.6700984298863,299.68017513332205,299.6899028147724,299.6992825971192,299.7083156914087,299.71700339291544,299.72534707685537,299.73334819375367,299.7410082644749,299.74832887492346,299.7553116704257,299.76195834980285,299.7682706591497,299.77425038533164,299.7798993492165,299.785219398659,299.79021240125536,299.7948802368903,299.799224790097,299.8032479422545,299.8069515636472,299.81033750541326,299.81340759140886,299.81616361001807,299.81860730593763,299.8207403719677,299.82256444083964,299.82408107711274,299.8252917691728,299.8261979213631,299.8268008462809,299.82710175726635,0.0,0.1397437768935731,0.2785047340402355,0.4127314275834425,0.5426940886372779,0.6686094260489077,0.7906545491801631,0.9089766425943536,1.0236998735501237,1.1349304516313727,1.242760425101959,1.3472705943501833,1.448532795258115,1.5466117238654278,1.6415664205112117,1.733451496187398,1.822318159746808,1.908215087943804,1.9911891685748195,2.071286138649267,2.148551133531129,2.223029158668405,2.294765492414368,2.363806026227456,2.4301975469947017,2.493987965197293,2.5552264920058807,2.613963768064349,2.6702519466179027,2.7241447337012854,2.775697388271497,2.82496668540014,2.8720108458937577,2.9168894359534567,2.9596632406911096,3.000394115469106,3.03914481911039,3.0759788330285094,3.1109601702519547,3.144153178166464,3.175622338580341,3.205432068441347,3.2336465242111583,3.260329412547785,3.285543809570606,3.3093519905992013,3.3318152718771312,3.3529938654250064,3.372946747821405,3.391731543391677,3.4094044219976136
665609948,0.8688230842342635,51,0.7844867768223516,475.027820714674,0.7832172581531314,7.309215987886394e-06,0.0189627663773823,0.1937627547680074,0.3264652678076147,0.1442687355249345,0.3909935526121,0.5969579455519909,860.3283597622938,965.387530952519,0.2842722261607912,44.98435726459667,310.1993988910529,39889.90890406709,0.2791070213658143,279.1070213658143,1.3326800415675597,301.6902418586001,1.3256495635478909,0.0904032470208501,306.1387929641964,8.212280972712295,1.332563340280804,1.3324458522860725,1.3323276355657356,1.3322086853980408,1.3320889969863476,1.3319685654486464,1.3318473858097246,1.3317254560696723,1.3316081652316862,1.3315002595456915,1.331375343003573,1.3312496231498068,1.331123123738478,1.3309958390825192,1.3308677633518988,1.330738890556713,1.3306092147205888,1.3304790973885263,1.3303537413193238,1.330221161306867,1.3300877212432287,1.329953449341414,1.3298183388107137,1.3296823826164184,1.3295455734720854,1.3294079096257,1.3292735818783898,1.3291340295768928,1.3289932494781167,1.3288515827096257,1.3287090212319326,1.3285655565036198,1.3284211795806589,1.3282758846741354,1.3281324610589444,1.3279850750227298,1.327836481584086,1.32768693474935,1.32753642426467,1.3273849391156722,1.327232467631452,1.327079050413468,1.32692622953898,1.3267702732331257,1.3266132780373754,1.3264552426554757,1.326296152636815,1.3261359921363296,1.3259747759696416,1.3258133880189815,1.3256495635478909,0.0906135032957899,0.0906102405952928,0.0906069566835162,0.0906036512995983,0.0906003241299975,0.0905969748196569,0.0905936029759682,0.090590208909481,0.0906079865654419,0.0906444941788155,0.0905772354445671,0.0905736289882126,0.0905701127109425,0.0905665709590709,0.0905630031479192,0.0905594086253059,0.0905557866453606,0.0905535717444757,0.0905718327968918,0.0905429820013872,0.0905391220524183,0.0905353695831327,0.0905315870888491,0.0905277735836276,0.0905239280378784,0.090520063340047,0.0905326877689546,0.0905116624766273,0.0905063290431491,0.0905023318489251,0.090498299500532,0.0904942299935144,0.0904901217045846,0.0904859811086973,0.0904928140883259,0.0904767145780048,0.0904714301950357,0.0904671396168249,0.0904628049158382,0.0904584230633669,0.0904539913249546,0.0904497119786105,0.0904514987717355,0.0904386128027572,0.0904339568873936,0.0904292917340414,0.0904245656256662,0.0904197729597621,0.0904150323738833,0.0904137669671476,0.0904032470208501,301.76683586246025,301.9149153104944,302.06052106012714,302.2037080233589,302.3445272787191,302.48302582930586,302.6192463804712,302.75322713877017,302.8850016330945,303.0145871238205,303.1419855451309,303.2672494112231,303.39039285141524,303.51142473051146,303.630348668547,303.7471630228699,303.86186089148185,303.9744301361902,304.08485264937286,304.1930941052694,304.299140272152,304.4029588706051,304.504512652042,304.60375956679263,304.7006528650682,304.7951411995028,304.88716871917904,304.97666625946187,305.0635782966749,305.1478368987856,305.2293692600666,305.3080984754456,305.38394358555405,305.4568196056594,305.5266375329483,305.5932984003234,305.6567114174044,305.7167760472855,305.7733870423211,305.8264348975155,305.8758057435068,305.9213812196802,305.9630382175405,306.00064552156084,306.03407474667824,306.06318798876947,306.0878419092968,306.1078875319797,306.1231700023316,306.1335282681091,306.1387929641964,0.0,0.7320861805751566,1.454764860767213,2.1096495093114878,2.702627845065937,3.239247944242875,3.724660138001776,4.163606167389365,4.560429479312778,4.919095336920621,5.243215266822144,5.5360730074750695,5.8006504339299125,6.039652630553689,6.255531672244925,6.450508899541607,6.62659560596225,6.785612135209939,6.929205432863365,7.058865124264902,7.175938204921911,7.281642436443977,7.37707854273491,7.463241299700776,7.541029608334213,7.611255636487866,7.674653109483598,7.731884824268821,7.783549456357608,7.830187723431631,7.872287964319436,7.910291187179209,7.944595636111498,7.975560921143842,8.003511752730807,8.028741316963782,8.05151432775323,8.07206978423752,8.09062346272295,8.10737016822797,8.122485768614407,8.136129032134539,8.148443287259324,8.159557921868323,8.169589737260866,8.178644170976575,8.18681640107898,8.19419234334617,8.200849551716162,8.20685803134197,8.212280972712295
802778825,0.8999820345259724,51,0.6822996576234225,286.6099299196516,0.3236925524882714,3.882074517651105e-07,0.0020534903301138,2.322195494374824,5.959957338670856,0.1558831137565492,0.5714818602212032,0.4506515483890347,1063.3188274098852,1061.309671809327,0.2546230754365363,48.25271162962443,303.02242891555176,49112.0860968371,0.2902128631144662,290.21286311446624,4.652674111630158,311.7218916909376,2.6995235569813096,0.6167515716085122,289.327125719292,53.2919961996157,4.614221593836458,4.575775439221295,4.537338213453739,4.498909919522208,4.460490557542694,4.422080123049546,4.383678660964703,4.345693787391455,4.307374469509931,4.2689690323779015,4.230572740968492,4.1921855724829165,4.153807467695478,4.115438340031631,4.077097784611064,4.03877296083497,4.000412957394835,3.96206218905508,3.9237205510767232,3.885387846307379,3.847074154924051,3.808755609622117,3.770433313704795,3.73212018421281,3.6938159056116815,3.655519830224078,3.6172265468830687,3.5789333653789885,3.540649158074591,3.5023732448374765,3.464101810125799,3.42582875595669,3.3875645285066573,3.349308449098184,3.3110556870833574,3.2728023142786085,3.234557561077425,3.196320418196803,3.158083651281206,3.119849033981917,3.081622524582596,3.043402257317078,3.005178979135028,2.9669612743762346,2.928750578453284,2.890541428554451,2.852330574212802,2.8141263934085803,2.775926669310686,2.7377219311379237,2.6995235569813096,0.6529161900082255,0.6524846676424456,0.6520470680476468,0.6516032708418424,0.6511531092006931,0.6506963777557968,0.6502334282572564,0.6582702772827944,0.6506357295031513,0.6481698385791171,0.647683068542187,0.6471886181845764,0.6466855949194472,0.6461732638512663,0.6460622402174991,0.6456759470295116,0.6442194024453043,0.6436808088210344,0.6431318126066454,0.6425703079504884,0.6422106496424117,0.641344383859107,0.6404919477078924,0.6398997406446185,0.6392916811953411,0.6386606444223897,0.6379069970144052,0.6370871845137696,0.6364422645260994,0.6357728455881865,0.6350132480418826,0.6341154862059202,0.6334244961785686,0.6327080735835074,0.631879278841149,0.630956542614213,0.630214161286387,0.6294383422465162,0.6284988066577833,0.6275830855311921,0.6267782606849877,0.6259208358903119,0.6248561766825027,0.6239560449819316,0.6230710636410699,0.6220568680102415,0.6209590653469238,0.6200199184167733,0.6190180411068437,0.6178014287159885,0.6167515716085122,311.2396761522717,310.3052451710313,309.3956056229396,308.5104174658506,307.6493428224316,306.8120461854153,305.9981946348301,305.2074580467241,304.4392187127476,303.6933946656695,302.96973288370083,302.26791691927986,301.58763442737984,300.9285774758745,300.2904428598846,299.67291837219096,299.07570609337364,298.498549947126,297.9411684380928,297.4032864104912,296.88463545944325,296.38494695583137,295.9039765344368,295.4414868313107,294.9972394285561,294.57100457550695,294.1625618133066,293.7717037673857,293.3982346451772,293.04196241609066,292.70270596603143,292.38029775000393,292.07458586497614,291.7854227213512,291.5126733244288,291.256218667894,291.01595555821626,290.7917876977394,290.583633356075,290.3914302555572,290.2151296443939,290.0546937452523,289.91010173557174,289.78135547493054,289.66846730363056,289.5714655264586,289.4903997692106,289.42533989099525,289.3763681675736,289.3435872335066,289.327125719292,0.0,1.1176415099430586,2.4998831952397635,3.8665848498142217,5.217894410584027,6.553972635440572,7.874979349373063,9.181073387884384,10.472412547517534,11.749153542667448,13.011451967931352,14.259462265354998,15.493337696019458,16.713230315486385,17.919290952682367,19.111669191855,20.2905133572792,21.45597050043018,22.608186389373305,23.7473055001494,24.87347100995905,25.986824791970967,27.087507411598505,28.17565812410467,29.251414873410702,30.314914291995684,31.36629170178609,32.40568111594429,33.43321524147334,34.44902548256356,35.45324194461339,36.445993438863006,37.42740748758487,38.39761032978039,39.35672692733637,40.30488097159874,41.242194890325024,42.16878985497984,43.08478578834135,43.990301372388366,44.88545405644113,45.77036006553043,46.64513440897185,47.50989088912403,48.36474211031105,49.20979948789109,50.04517325745428,50.870972484134654,51.68730507202184,52.494277773659086,53.2919961996157
14884696,0.387405494057314,51,0.4197417789617861,462.7365850463407,0.1915999141004912,1.8317522679976461e-07,0.0269633857584196,2.451078806433679,0.2860989263595323,3.936390194205456,0.866473404026095,1.011920279211343,1149.9667174629872,882.7028121862031,0.3748171528954037,27.06275838211213,299.58822413860656,41146.46909006555,0.2809744718192336,280.97447181923366,3.495010948047338,303.04092162864606,1.3648123503315357,0.0504639370898307,302.14554470453345,31.342677964771152,3.481760535539053,3.4491139283053784,3.393542779134528,3.315513274549937,3.2190021997082705,3.110109481951306,2.995369701004493,2.880418955779713,2.7693450495539693,2.664647863934969,2.567540707840177,2.4783446750042035,2.3968360820783494,2.3225007763879075,2.254699612456468,2.192766697006546,2.136062623870062,2.083999904316084,2.0360522815281583,1.9917552825162488,1.9507023937740195,1.9125393642084196,1.876958000053753,1.8436901514880324,1.812502214215495,1.7831902632926822,1.755575828846788,1.729502271206775,1.7048316913581627,1.6814423072127005,1.6592262288695796,1.638087572364537,1.6179408589544546,1.5987096545346118,1.580325410750516,1.5627264755169974,1.545857245949754,1.529667441195506,1.5141114764023431,1.4991479221992083,1.484739036648041,1.4708503587804005,1.4574503546079631,1.4445101079674203,1.4320030497789678,1.41990472030843,1.4081925598631384,1.3968457240510956,1.3858449203167158,1.3751722630989645,1.3648123503315357,1.2051657935145017,1.1663282919352962,1.1081687018630022,1.033771617006207,0.9484240426014932,0.8582643067436937,0.7689297773919971,0.6846482923537268,0.6079552726618871,0.5399041949758249,0.4805001594568595,0.4291351980951679,0.3849196560235393,0.3468933124637666,0.314140863688519,0.2858443185134179,0.261298813206949,0.2399095712183813,0.2211805371996705,0.2047003942853672,0.1901287830978461,0.1771839360618778,0.1656321079189996,0.1552787843376828,0.145961482439848,0.1375439054402504,0.129911216592909,0.1229662231830459,0.1166262935220414,0.1108208614732737,0.105489400996819,0.1005797767189892,0.0960468957456898,0.0918516013669538,0.0879597615643097,0.0843415149264746,0.0809706442199305,0.0778240538793494,0.0748813324261608,0.0721243845678782,0.0695371206932958,0.0671051938290468,0.064815775993555,0.062657367378016,0.0606196329808347,0.0586932622843233,0.0568698483391446,0.0551417832510624,0.0535021675759499,0.0519447315670444,0.0504639370898307,303.01376638472146,302.9598054358692,302.906640698896,302.8548555302045,302.80502206484107,302.75761199049543,302.71294248315724,302.6711649903295,302.6322878788626,302.5962156218415,302.5627890377329,302.5318179180705,302.5031036710232,302.4764531613019,302.451686102666,302.4286382529207,302.4071621151054,302.3871262859077,302.3684141564477,302.3509223743488,302.3345592896109,302.31924349557056,302.30490251272334,302.29147162854565,302.27889288866817,302.2671142265268,302.2560887156098,302.24577392815166,302.23613138517914,302.2271260844221,302.2187260943499,302.21090220427664,302.20362762200205,302.1968777117904,302.19062976663287,302.1848628097099,302.1795574207819,302.17469558391946,302.17026055354967,302.16623673627134,302.16260958628186,302.1593655125912,302.1564917964701,302.1539765178113,302.151808489273,302.149977197238,302.1484727487572,302.1472858237599,302.14640763191426,302.1458298736007,302.14554470453345,0.0,0.6873868691862416,1.410413912621891,2.1261182205433853,2.835123637177008,3.537925356703427,4.234928322936936,4.926471438791275,5.612843611474423,6.294294835367609,6.971044117076952,7.643285310122899,8.311191518193178,8.974918489137792,9.634607279160422,10.29038637754779,10.94237342487994,11.590676619657044,12.235395882484069,12.876623829059314,13.514446590551168,14.148944510827503,14.780192743328168,15.408261765414649,16.03321782430131,16.6551233258323,17.274037175180087,17.890015076839706,18.50310979995528,19.113371413956248,19.72084749863394,20.325583332108224,20.927622059581267,21.527004845325,22.123771009978544,22.71795815492644,23.30960227527421,23.8987378627264,24.48539799949381,25.069614444207296,25.651417710688293,26.230837140318435,26.80790096865864,27.382636386889217,27.95506959857451,28.52522587219729,29.093129589857423,29.658804292485215,30.22227272188175,30.78355685986501,31.342677964771152
863901496,0.9494105949453816,51,0.771884100493001,151.92794379136114,0.4057345533945709,6.9398609735030165e-06,0.0087730743905824,0.5649758165773063,7.3883842915775615,3.722478327123061,0.3831806502041965,0.6854069966635137,899.6899370972502,1014.4205011735548,0.0386334901295951,42.91018646561764,311.0206458232661,61072.99288531129,0.0359475222969034,35.94752229690345,4.830905149376109,305.9060567780997,3.0995119880884903,0.1448726162654082,305.5105378904867,5.011466906191878,4.797613700379431,4.764278589608134,4.73092940640016,4.6975601093635815,4.664166644586686,4.630750372210385,4.597310973356661,4.563847964574496,4.530360918043974,4.496849461970436,4.463313266698196,4.429752034318631,4.396165492170063,4.362553388749331,4.328915490743313,4.29525158028416,4.261561452334091,4.227844912814423,4.194101777736886,4.160331872565522,4.1265350311163,4.092711094517359,4.058859910760245,4.024981334251994,3.991075225085656,3.95714144860583,3.923179875110001,3.8891903793291225,3.855172840088009,3.821127140041412,3.787053165263448,3.7529508050095775,3.718819951444641,3.6846604993365313,3.650472345870384,3.616255390372614,3.582009534115803,3.547734680114956,3.5134307329130112,3.479097598426654,3.444735183740624,3.410343396968023,3.375922147071174,3.341471343723547,3.3069908971548228,3.272480718016584,3.237940717242861,3.203370805917185,3.16877089517133,3.13414092408584,3.0995119880884903,0.1528151014652494,0.1528149135403282,0.1528102517784387,0.1527309111574586,0.1526014677062252,0.1524889886363465,0.1523726819632807,0.1522505111674032,0.1521231667639537,0.1519913440212133,0.1518555661114083,0.1517162274175319,0.1515736417178721,0.1514280720868773,0.1512797447598795,0.1511288519265021,0.1509755533406321,0.1508199855282148,0.1506622742132414,0.1505025371684687,0.1503408785091667,0.1501773894304145,0.1500121555421881,0.1498452568593848,0.1496767643436325,0.1495067435437971,0.1493352562861862,0.1491623579263315,0.1489880996019343,0.1488125291320093,0.1486356892539303,0.1484576197281924,0.1482783569006819,0.1480979333272295,0.1479163792321266,0.1477337213858302,0.1475499841338809,0.1473651892617878,0.1471793558987082,0.1469925012106433,0.1468046398054161,0.1466157845357504,0.1464259459955544,0.1462351330594762,0.1460433526418358,0.1458506099517714,0.145656908449021,0.1454622499195729,0.1452666345186,0.1450700608043143,0.1448726162654082,305.8426783900679,305.7306761633218,305.6314637978546,305.54430773393545,305.46847062642223,305.4032138910495,305.34779476373234,305.30147388168524,305.2635203339367,305.2332160907897,305.209860108514,305.1927720990818,305.18129593198006,305.1748026393741,305.1726930036335,305.17439971419435,305.17938908839926,305.1871623575486,305.19725652478337,305.20924480709795,305.2227366806491,305.2373775546714,305.25284810304873,305.2688632854703,305.2851710939227,305.30155106275055,305.3178125808611,305.3337930452406,305.34935589505585,305.3643885637954,305.378800385203,305.3925204866652,305.4054957002338,305.4176885185365,305.4290751191719,305.43964347725966,305.4493915822876,305.4583257713926,305.46645918774084,305.47381036925066,305.48040196967776,305.4862596115511,305.49141086783254,305.4958843675323,305.4997090188908,305.5029133429257,305.50552490965606,305.50756986940223,305.50907257213635,305.51005526885393,305.5105378904867,0.0,0.0296536565818694,0.097266840154773,0.1979064757896125,0.3156331378373921,0.4328705716363925,0.5493708936728455,0.6651387227471828,0.7801786641965632,0.8944952944265869,1.0080931610762478,1.120976783198472,1.2331506514395432,1.3446192282174,1.4553869478988464,1.5654582169756477,1.6748374142395444,1.7835288909561682,1.89153697103788,1.998865951215536,2.1055201012091778,2.2115036638976653,2.316820855487251,2.421475865679096,2.5254728578357564,2.628815969146621,2.731509310792312,2.8335569681080663,2.934963000746101,3.035731442836946,3.1358663031497955,3.235371565251832,3.334251187666566,3.432509104031187,3.530149223252925,3.6271754296644336,3.723591583178206,3.819401519440019,3.914609049981416,4.009217962371241,4.103232020366217,4.196654964060588,4.289490510034809,4.38174235150333,4.473414158461422,4.56450957783112,4.655032233606206,4.744985726996317,4.834373636570148,4.923199518397737,5.011466906191878
681929817,0.4340449333402099,51,0.5516924903994032,116.14596912227783,0.465606974620707,5.318975322265894e-06,0.027301350138992,2.313332328662799,1.8450953293868857,1.609661711404334,0.6719351482620807,0.7556627221172498,998.5870056435242,999.6804971886588,0.1724571746035505,42.42327716805936,300.63876426265136,59885.86500292231,0.0964139032559125,96.4139032559125,3.479705332198888,311.4203352964696,0.7637375268060149,0.4959723594464312,289.39803356980485,36.76088832235281,3.4626349178349387,3.4453669362348385,3.427906276541401,3.410232115623466,3.392319743823573,3.374140334095723,3.3556609372673294,3.33684361242519,3.3176432531423874,3.29800505496621,3.277862090769895,3.2571330119658524,3.235720479547484,3.213511319446108,3.1903792779428866,3.166190230965238,3.140808151423659,3.114099584220822,3.0859354739696268,3.056190743313612,3.024742718117001,2.991469315591285,2.9562474670067496,2.918951919851644,2.879454410826082,2.8376231568644927,2.793322615562844,2.74641348605231,2.6967529433621715,2.644195120091944,2.5885918689833023,2.529793860207586,2.4676520896841976,2.4020199015015127,2.3327556607229534,2.2597262550567705,2.182811657994394,2.1019108553901567,2.016949525368531,1.9278899701152008,1.8347439260675191,1.7375890154939468,1.63658971584961,1.532023739012712,1.4243144732783033,1.3140693445415672,1.2021220785914266,1.0895731420306205,0.9778163961591348,0.8685317229607312,0.7637375268060149,2.0426414664529347,2.040233093371138,2.0376411849842717,2.0348336337932977,2.031772386784332,2.0284169441229616,2.0247264610191333,2.020651615726811,2.0161222893125754,2.0110440413443924,2.0052989324914288,1.998746493246894,1.991230337976778,1.9825941282293296,1.972705842983335,1.961480832496076,1.9488891026386077,1.9349415113576176,1.91966501535868,1.9030814699793184,1.8851965535970776,1.8659971765900103,1.845453241705084,1.8235207000945124,1.800144453191554,1.7752606636222696,1.7487984840129074,1.7206813502136389,1.690827998180038,1.659153340068037,1.6255693092291352,1.5899857660464063,1.5523115485600243,1.5124557528918867,1.470329337829727,1.4258471654287752,1.3789306157166878,1.3295109497683952,1.2775336431745117,1.222963972756998,1.165794213489541,1.106052886327633,1.043816578330054,0.979224901899428,0.9124990994095542,0.8439644913947949,0.7740761541040607,0.7034454898061773,0.6328622308925828,0.5633017749916175,0.4959723594464312,311.116175458333,310.5120918360848,309.9104618269853,309.31132520221587,308.7147262032602,308.120714636335,307.52934703335296,306.94068781961914,306.3548107155519,305.7718007170219,305.19175675158954,304.6147949852744,304.0410527496252,303.4706928996691,302.90390815033646,302.34092470563303,301.78200452925097,301.2274460484126,300.677583674888,300.13278683421913,299.5934590936922,299.060037694225,298.53299355165103,298.01283166889505,297.5000918619835,296.99534970455693,296.4992176089914,296.01234597471205,295.535424341707,295.0691824889956,294.6143914141687,294.1718641213551,293.7424561309545,293.3270656046235,292.92663295218824,292.5421397517194,292.1746067675945,291.82509079089186,291.49467994794486,291.1844870215121,290.89564019938354,290.62927050232554,290.3864949448257,290.16839425409177,289.9759837404881,289.8101757421797,289.6717321028009,289.56120566340786,289.47887123435584,289.42464961980573,289.39803356980485,0.0,0.7066088331508887,1.4736206693565268,2.2402433253058107,3.006475085481521,3.77231225333504,4.537749516794484,5.302780107064204,6.067395855615362,6.831587183934593,7.595343044851848,8.358650825518993,9.121496216898336,9.88386305126925,10.645733106903682,11.407085877218394,12.167898300096974,12.928144441500732,13.687795125817066,14.44681750351156,15.205174544446251,15.962824442587587,16.719719914623237,17.475807371090823,18.231025933817392,18.985306267574508,19.73856918663903,20.490723988163957,21.24166645365981,21.991276447269296,22.739415024831764,23.48592095123357,24.230606506074952,24.97325244117557,25.71360194165022,26.4513534419684,27.186152170956408,27.917580363140026,28.645146204744115,29.368271816439734,30.08628095113843,30.79838763246889,31.50368766329456,32.20115568288332,32.88965098177444,33.5679351673041,34.234703544345464,34.888629546231115,35.52841819219667,36.15286158386275,36.76088832235281
444933268,0.3697927203050596,51,0.766067950801679,136.1194571482263,0.5258219320453739,1.230735732736242e-07,0.0620055217138783,0.3179698021987774,0.2416820982525653,0.1885858792309692,0.2388075897577536,1.7164617399232014,1121.9969783855545,1057.9573348633055,0.4825760852716582,34.75235123620335,306.5714122940635,26548.38764163303,0.309657033666988,309.657033666988,3.191059498037112,317.2670506251198,3.191059490542285,0.1550912905457308,316.91097201972286,1.8627555832705789,3.1910594979255764,3.191059497812452,3.1910594976977267,3.1910594975813904,3.1910594974634297,3.19105949734383,3.191059497222581,3.191059497099668,3.1910594969750776,3.1910594968487977,3.191059496724149,3.1910594968194896,3.1910594966998453,3.191059496567018,3.1910594964324157,3.191059496296032,3.1910594961578544,3.191059496017868,3.1910594958760585,3.191059495732412,3.1910594955869134,3.191059495439548,3.191059495292091,3.1910594952427727,3.1910594950935023,3.191059494938066,3.19105949478068,3.1910594946213333,3.19105949446001,3.191059494296695,3.191059494131374,3.19105949396403,3.191059493794649,3.1910594936232144,3.19105949345481,3.1910594933655454,3.191059493188591,3.1910594930081118,3.191059492825492,3.191059492640716,3.191059492453768,3.1910594922646305,3.1910594920732884,3.1910594918797246,3.1910594916839226,3.1910594914858663,3.191059491299389,3.1910594911660537,3.1910594909607517,3.1910594907526897,3.191059490542285,0.1550912911775762,0.1550912911674432,0.1550912911572292,0.1550912911469338,0.1550912911365566,0.1550912911260973,0.1550912911155555,0.1550912911049305,0.1550912910942216,0.1550912910834289,0.1550912910940159,0.1550912925136283,0.155091291126375,0.1550912910414179,0.1550912910300833,0.155091291018713,0.1550912910072532,0.1550912909957032,0.1550912909840623,0.1550912909723306,0.1550912909605066,0.1550912909485901,0.1550912909480998,0.1550912915814739,0.1550912909365858,0.1550912908969217,0.1550912908844786,0.1550912908719582,0.1550912908593412,0.155091290846627,0.1550912908338149,0.1550912908209044,0.1550912908078943,0.1550912907947854,0.155091290814465,0.1550912913252576,0.1550912907595159,0.1550912907369154,0.1550912907232519,0.1550912907094901,0.1550912906956241,0.1550912906816532,0.1550912906675765,0.1550912906533936,0.155091290639103,0.1550912906247168,0.1550912906995736,0.1550912910426258,0.1550912905783639,0.1550912905607204,0.1550912905457308,317.2608070789933,317.2485845261152,317.23652872773374,317.22464198636834,317.2129266478262,317.2013851019874,317.1900197836045,317.1788331731167,317.1678277974788,317.157006231005,317.146371096229,317.13592506477784,317.12567085822616,317.11561124911515,317.1057490617682,317.0960871732633,317.08662851439294,317.07737607063893,317.0683328831657,317.0595020498309,317.05088672621486,317.0424901266688,317.03431552538177,317.0263662574673,317.0186457200529,317.0111573734574,317.00390474228834,316.996891416625,316.9901210532084,316.9835973766519,316.97732418067454,316.9713053293558,316.96554475841424,316.96004647650864,316.9548145665633,316.9498531871164,316.9451665736816,316.9407590401884,316.9366349803638,316.9327988691965,316.92925526441377,316.9260088079849,316.92306422765216,316.9204263384896,316.91810004449013,316.9160903401813,316.91440231227125,316.9130411413212,316.91201210344684,316.9113205720837,316.91097201972286,0.0,0.65059702204939,1.0308288017225575,1.2919043893879931,1.4711021855818749,1.5940726946556207,1.6784456538264152,1.736329817176052,1.7760383136391402,1.803276796643206,1.821960540915716,1.834775885857276,1.8435658013850045,1.8495945739461912,1.853729465609016,1.8565653678663625,1.8585103287127167,1.859844229003604,1.860759035139407,1.861386411548014,1.8618166615410163,1.8621117194462176,1.862314062093355,1.8624528211908755,1.862547975713944,1.862613227348294,1.8626579726444936,1.8626886556192364,1.862709695421893,1.8627241225545743,1.8627340152034035,1.8627407984780264,1.862745449629507,1.8627486387863676,1.8627508254683427,1.8627523247725224,1.8627533527611135,1.8627540575860944,1.862754540832648,1.862754872155016,1.8627550993126316,1.862755255052005,1.8627553618256725,1.8627554350279412,1.8627554852135968,1.862755519619216,1.8627555432062783,1.8627555593763945,1.862755570461689,1.8627555780610328,1.8627555832705789
816061029,0.8817335288975622,51,0.2457659798275023,360.76822897981,0.5445284694343914,5.252629215771145e-06,0.0012274178319391,7.461099268938065,4.982271491692259,0.5908336276300674,0.1823284506022455,0.4433206976598264,1028.676922750714,1007.040596675511,0.0310960257290524,22.867104178104963,306.57781604102564,46164.71312516982,0.3068534935675976,306.8534935675977,0.7586496467439177,310.97820878956054,0.0,5.869136464640063e-11,306.6196857739885,23.52461898028706,0.5640407829113983,0.3831395663058392,0.2219010023635437,0.092973581669475,0.0198535520763995,0.0012894525087637,1.1931182086899218e-05,0.0,0.0,0.0,0.0,0.0,0.0,0.0,0.0,0.0,0.0,0.0,0.0,0.0,0.0,0.0,0.0,0.0,0.0,0.0,0.0,0.0,0.0,0.0,0.0,0.0,0.0,0.0,0.0,0.0,0.0,0.0,0.0,0.0,0.0,0.0,0.0,0.0,0.0,0.0,0.0,0.0,0.0,0.0,0.0,1.4981782276884692,1.3343112671587845,1.077798188411237,0.6869152679567567,0.2619803517164661,0.0415555709337812,0.0017876371843068,1.024747830387234e-05,0.0,0.0,0.0,0.0,0.0,0.0,0.0,0.0,0.0,0.0,0.0,0.0,0.0,0.0,0.0,0.0,0.0,0.0,0.0,0.0,5.87805823207991e-11,0.0,0.0,0.0,0.0,0.0,0.0,0.0,0.0,0.0,0.0,0.0,0.0,0.0,5.876741434195883e-11,0.0,0.0,5.875547972046871e-11,0.0,0.0,0.0,0.0,5.869136464640063e-11,310.42050591267684,309.573273583677,308.9514364258195,308.5338684062071,308.2838720627675,308.1339687214994,308.0161871103449,307.90838251706646,307.8083737464385,307.71558479766486,307.62949602580346,307.549625886327,307.4755282309891,307.4067897204904,307.3430274124672,307.2838865183346,307.229038318099,307.1781782230564,307.13102397705467,307.08731398769737,307.0468057795044,307.0092745616421,306.9745119033794,306.94232451093035,306.9125330998147,306.8849713573041,306.85948498993207,306.8359308514374,306.8141761468792,306.7940977090522,306.7755813434832,306.7585212392129,306.74281944197946,306.72838538767905,306.7151354938067,306.7029928071244,306.6918867061619,306.6817526575626,306.6725320257142,306.6641719355561,306.6566251889447,306.6498502354757,306.6438111992289,306.63847796353474,306.6338263163302,306.6298381599708,306.6265017892508,306.6238122429685,306.6217717353859,306.62039017423325,306.6196857739885,0.0,0.4678314960681132,0.938407572299264,1.4089823023186745,1.8795556943313845,2.350127756498691,2.8206984969394893,3.291267923729966,3.761836044902715,4.232402868445629,4.702968402300543,5.173532654361596,5.64409563247331,6.114657344428274,6.585217797964479,7.055777000762198,7.526334960440411,7.996891684552688,8.467447180582493,8.938001455937862,9.408554517945351,9.879106373843246,10.349657030773905,10.820206495520605,11.290754778243112,11.76130188653548,12.231847827829354,12.70239260952,13.172936238965896,13.643478723488412,14.114020070371405,14.5845602868609,15.055099380168464,15.525637357478685,15.99617422591817,16.46670999257749,16.937244664509155,17.407778248726725,17.8783107522044,18.34884218187684,18.81937254463892,19.289901847345572,19.7604300968117,20.23095729981189,20.70148346308036,21.17200859331067,21.642532697155566,22.113055781226592,22.58357785209385,23.05409891628543,23.52461898028706
746445819,0.5007096215195852,51,0.7132415733622437,203.820729058124,0.3962842065498207,9.248425827468535e-06,0.0139070522307583,4.92411257574325,7.998649388671108,0.7295851521121179,0.3453171772302122,1.6307159085383187,936.4329465247532,997.6950399742518,0.479057897263053,21.999138528789747,301.07095272566,38785.65549985351,0.4635985927481569,463.5985927481569,1.2328085692803177,299.3288149293569,0.0,3.568596213171428e-10,295.460225380453,46.33363927562456,1.2319978977394097,1.2309941763944832,1.2297431429214345,1.2281413173205005,1.226023565305934,1.223185984037085,1.219378725573525,1.2142752461749853,1.2074414132722042,1.198299235528452,1.1860802393779055,1.1697652845898532,1.148007956441345,1.1190394906956356,1.0805559659412334,1.0295959892284408,0.9624358127297968,0.8745752498571188,0.7610071812429257,0.6172917682226924,0.4429274656159526,0.2512214658672748,0.089632475924186,0.0157246587653179,0.0012462439609285,3.792473585176211e-05,3.143179336561738e-07,0.0,0.0,0.0,0.0,0.0,0.0,0.0,0.0,0.0,0.0,0.0,0.0,0.0,0.0,0.0,0.0,0.0,0.0,0.0,0.0,0.0,0.0,0.0,0.0,4.135421446878795,4.133131853142458,4.130188059641821,4.126078527824433,4.120123823721163,4.111856968063035,4.100720288507822,4.085816603103769,4.065892942545045,4.039267537446625,4.00369853518662,3.956206803788496,3.892847366979961,3.80842154178099,3.696126852346918,3.5471577516811434,3.3503112754964004,3.0917536471632627,2.7553611512693603,2.324734781821263,1.7899604786968624,1.1679957533532417,0.5548757419272158,0.1520977578286375,0.0205139825718837,0.0012603949233038,2.9132573579220156e-05,1.2844393178231e-07,0.0,0.0,0.0,0.0,0.0,0.0,0.0,0.0,0.0,0.0,0.0,0.0,0.0,0.0,0.0,0.0,0.0,0.0,0.0,0.0,3.963637994190936e-10,0.0,3.568596213171428e-10,299.23220131951126,299.0379702755466,298.84164981366547,298.6432636819936,298.44285723081174,298.2405104645077,298.03634644638856,297.83054126092424,297.6233404645606,297.4150821179441,297.2062275803478,296.9974022939385,296.7894494745521,296.5835002501563,296.3810642499179,296.1841445383718,295.9953791290109,295.8182057613312,295.657031410014,295.51734792184885,295.40562681417094,295.32851597956045,295.2899830820801,295.28418087491985,295.29319650227507,295.30480120419475,295.31625629887344,295.3273163348647,295.3379695360783,295.34821168241416,295.35803855616683,295.36744586918326,295.3764292632994,295.38498430941735,295.39310650646627,295.4007912803485,295.40803398286903,295.41482989065,295.42117420402906,295.4270620459421,295.43248846078893,295.4374484132828,295.4419367872832,295.4459483846109,295.4494779238466,295.45252003911094,295.45506927882724,295.45712010446624,295.4586668892716,295.45970391697244,295.460225380453,0.0,0.924980438277232,1.8529458949198685,2.7807412091972044,3.708384284056267,4.635891611948884,5.563278033442074,6.490556883835557,7.417740220898367,8.344838648124174,9.271861774232628,10.198818056875584,11.125714999452857,12.052559375018207,12.979357034049515,13.906113302240891,14.83283284936305,15.7595197587428,16.686177786904665,17.612810109630054,18.53941963616864,19.466008953700477,20.392580246770947,21.31913560552272,22.245676759255023,23.172205272194194,24.098722607887627,25.02522991879162,25.95172836778621,26.87821892185949,27.804702395136275,28.73117964067362,29.6576512660425,30.58411790301924,31.51058012571253,32.43703833329971,33.363493032755855,34.28994456013182,35.216393232393635,36.14283941987699,37.06928330374431,37.99572517688213,38.92216525387188,39.84860366312631,40.77504065874127,41.70147632385898,42.62791080509724,43.55434426989447,44.480776741537206,45.407208391151855,46.33363927562456
